0 1
0 4
0 6
0 8
0 11
0 14
1 2
1 5
1 6
1 7
1 8
1 14
2 3
2 6
2 7
2 14
3 8
3 10
3 11
4 5
4 6
4 8
4 9
4 10
4 11
4 13
4 14
5 9
6 10
6 11
6 12
7 8
7 14
8 12
8 13
9 12
9 13
9 14
10 12
10 13
10 14
11 14
12 13
13 14
15 16
15 21
15 26
15 27
15 28
15 30
15 32
15 33
15 40
15 44
15 45
15 48
15 49
15 51
15 58
16 18
16 20
16 40
16 46
16 56
16 57
16 67
16 68
17 23
17 28
17 29
17 31
17 32
17 33
17 38
17 43
17 44
17 47
17 50
17 51
17 61
17 64
17 69
18 21
18 26
18 30
18 32
18 33
18 34
18 35
18 45
18 46
18 48
18 58
18 60
18 65
18 74
19 22
19 23
19 25
19 30
19 38
19 39
19 40
19 42
19 43
19 46
19 53
19 55
19 56
19 60
19 66
19 69
20 22
20 25
20 27
20 28
20 35
20 36
20 40
20 41
20 44
20 45
20 47
20 48
20 54
20 62
20 64
20 66
20 68
20 69
20 73
20 74
21 23
21 24
21 25
21 28
21 37
21 41
21 43
21 47
21 49
21 52
21 53
21 58
21 59
21 60
21 62
21 65
22 27
22 40
22 44
22 47
22 50
22 56
22 58
22 59
22 63
22 74
23 24
23 25
23 26
23 36
23 37
23 38
23 39
23 41
23 42
23 52
23 55
23 57
23 66
23 70
23 71
23 72
23 73
23 74
24 27
24 34
24 39
24 40
24 41
24 44
24 47
24 49
24 52
24 54
24 63
24 64
24 68
24 73
25 31
25 34
25 36
25 37
25 41
25 42
25 44
25 46
25 47
25 48
25 51
25 54
25 61
25 62
25 64
25 67
25 68
25 69
25 70
26 29
26 30
26 40
26 47
26 49
26 53
26 54
26 68
26 69
26 71
27 29
27 41
27 45
27 46
27 52
27 54
27 55
27 59
27 61
27 62
27 69
28 32
28 33
28 37
28 38
28 39
28 44
28 45
28 46
28 48
28 49
28 55
28 56
28 62
28 67
28 68
28 71
28 73
28 74
29 44
29 46
29 47
29 48
29 49
29 52
29 54
29 56
29 63
29 67
29 71
29 74
30 32
30 41
30 42
30 44
30 52
30 53
30 55
30 59
30 62
30 66
30 70
30 74
31 35
31 36
31 40
31 43
31 44
31 46
31 47
31 48
31 50
31 54
31 61
31 68
31 69
31 71
31 72
31 74
32 33
32 35
32 43
32 47
32 52
32 55
32 57
32 60
32 64
32 66
32 68
32 74
33 39
33 43
33 44
33 45
33 47
33 51
33 53
33 54
33 58
33 59
33 60
33 62
33 64
33 65
33 72
33 74
34 35
34 36
34 41
34 52
34 53
34 59
34 65
34 66
34 67
34 68
34 70
34 73
34 74
35 37
35 38
35 42
35 43
35 49
35 57
35 60
35 61
35 65
35 67
35 68
35 72
36 39
36 43
36 45
36 46
36 57
36 60
36 64
36 66
36 68
37 40
37 41
37 42
37 45
37 47
37 49
37 52
37 62
37 63
37 65
37 67
37 68
37 71
37 72
37 73
38 39
38 42
38 44
38 50
38 62
38 66
38 67
38 68
38 70
38 72
38 74
39 41
39 52
39 54
39 68
39 71
39 72
40 41
40 46
40 50
40 53
40 55
40 57
40 62
40 71
41 46
41 48
41 51
41 53
41 64
41 69
41 73
41 74
42 44
42 45
42 48
42 51
42 52
42 54
42 61
42 65
42 69
42 70
42 73
43 44
43 46
43 48
43 51
43 53
43 54
43 55
43 56
43 63
43 64
43 71
44 55
44 58
44 60
44 62
44 69
44 72
44 74
45 46
45 47
45 51
45 54
45 56
45 59
45 62
45 64
46 47
46 49
46 66
46 70
46 72
46 73
46 74
47 49
47 52
47 53
47 58
47 60
47 63
47 64
47 70
48 51
48 52
48 53
48 57
48 60
48 66
48 69
48 70
48 73
49 51
49 52
49 57
49 64
49 67
49 69
49 71
49 73
50 53
50 56
50 60
50 65
50 69
51 54
51 57
51 58
51 59
51 71
52 53
52 54
52 65
52 66
52 69
52 72
53 54
53 56
53 57
53 59
53 66
53 72
53 74
54 57
54 58
54 67
54 72
55 63
55 65
55 66
55 68
55 72
55 73
56 61
56 62
56 66
56 72
57 61
57 64
57 65
57 69
57 70
57 72
58 59
58 60
58 63
58 72
59 60
59 66
59 71
60 65
60 66
60 69
60 74
61 62
61 64
61 65
61 72
62 63
62 67
62 68
63 70
63 73
63 74
64 68
64 70
64 71
64 73
66 73
67 68
67 71
67 73
68 71
68 72
72 73
72 74
75 76
75 78
75 80
75 82
75 83
75 86
75 87
75 88
75 95
75 98
76 80
76 83
76 86
76 87
76 89
76 90
76 91
76 92
76 93
76 98
76 99
77 78
77 81
77 82
77 83
77 84
77 87
77 88
77 90
77 93
77 94
77 96
78 84
78 86
78 89
78 92
78 93
78 95
78 97
79 82
79 83
79 87
79 89
79 90
79 91
79 93
79 94
79 96
80 85
80 88
80 89
80 91
80 92
80 95
80 96
81 82
81 83
81 84
81 86
81 91
81 93
81 95
81 99
82 84
82 85
82 86
82 87
82 88
82 91
82 92
82 96
82 97
82 98
83 85
83 86
83 87
83 89
83 90
83 91
83 92
83 94
83 98
84 87
84 93
84 94
84 98
84 99
85 86
85 87
85 88
85 92
85 94
85 95
86 89
86 90
86 91
86 92
86 93
86 94
86 95
86 96
86 99
87 88
87 94
87 97
87 99
88 89
88 90
88 92
88 98
89 91
89 92
89 95
90 97
90 98
91 92
91 93
91 95
91 96
91 97
91 98
92 93
92 98
92 99
93 95
93 96
93 97
93 98
93 99
94 97
94 99
96 97
96 99
97 98
100 102
100 104
100 110
100 114
100 121
101 111
101 112
101 117
101 118
102 108
102 116
103 112
103 117
103 118
103 122
104 111
104 117
104 120
104 122
104 123
105 106
105 116
105 125
105 126
106 111
106 120
107 108
107 110
107 114
107 122
107 123
108 113
108 116
108 122
109 111
109 112
109 115
109 118
109 120
109 124
109 125
109 127
110 115
110 121
110 122
110 123
110 124
110 127
111 120
111 121
111 122
112 116
112 118
112 119
112 122
113 115
113 118
113 125
113 127
114 116
115 116
115 117
116 117
116 120
116 124
118 120
119 125
119 126
119 127
120 121
120 123
120 125
120 127
122 125
122 126
125 126
126 127
128 135
128 138
129 130
129 144
129 147
130 132
130 140
130 149
130 151
130 153
130 154
131 132
131 136
131 139
131 145
131 150
132 136
132 137
132 142
133 137
133 139
133 145
133 151
133 154
134 140
134 150
134 151
134 153
135 138
135 147
135 149
135 154
136 141
136 154
137 138
137 140
137 142
137 144
137 146
138 153
140 141
140 144
140 152
141 145
141 148
142 144
142 145
142 149
143 152
144 145
144 146
144 151
145 149
146 152
147 150
147 154
155 158
155 160
155 162
155 163
155 166
155 167
155 175
155 176
155 179
156 159
156 181
157 172
157 174
157 177
157 178
158 160
158 163
158 164
158 165
158 166
158 168
158 170
158 177
158 180
158 181
159 161
159 164
159 173
159 176
159 180
159 181
160 167
160 168
160 172
160 175
160 177
160 178
160 181
161 167
161 169
161 176
161 177
161 179
162 163
162 167
162 172
162 173
162 175
162 179
163 164
163 167
163 172
163 173
163 176
163 177
163 180
164 168
164 172
164 178
164 182
165 171
165 174
165 177
165 178
165 180
165 182
166 170
166 174
166 177
166 179
167 172
167 174
167 175
167 177
167 179
168 173
169 170
169 171
169 173
169 175
169 179
170 176
170 180
171 172
171 173
171 178
171 179
171 181
172 173
172 175
172 176
172 179
172 182
173 175
173 180
173 182
174 178
174 179
174 180
174 181
175 176
175 177
175 178
176 178
176 181
178 181
181 182
183 184
183 197
183 198
183 200
183 202
183 203
183 208
184 185
184 188
184 189
184 194
184 195
184 196
184 201
184 203
184 204
184 205
185 186
185 187
185 189
185 190
185 191
185 194
185 195
185 196
185 199
185 206
185 208
186 189
186 190
186 192
186 193
186 197
186 198
186 199
186 200
186 205
186 208
187 189
187 191
187 192
187 193
187 195
187 199
187 203
187 205
187 207
188 190
188 191
188 192
188 197
188 199
188 201
188 202
189 193
189 196
189 200
189 201
189 202
189 203
189 204
189 206
189 207
190 192
190 197
190 202
190 203
190 204
190 205
191 198
191 199
191 200
191 203
191 206
192 194
192 196
192 200
192 201
192 204
192 205
192 207
193 194
193 197
193 201
194 196
194 198
194 204
195 204
195 206
195 207
196 199
196 201
196 203
197 206
197 207
197 208
198 199
198 204
199 202
199 203
199 207
199 208
200 201
200 202
200 205
200 207
201 205
201 208
202 203
203 204
203 205
203 206
203 207
203 208
204 206
204 207
204 208
206 207
206 208
207 208
12 182
11 183
74 126
70 97
75 155
70 151
99 179
95 124
99 125
99 126
123 153
125 178
124 152
123 181
123 181
126 180
126 150
127 155
127 152
125 179
127 151
123 180
123 154
123 151
126 183
123 153
126 151
128 152
127 178
126 154
126 151
123 180
124 151
127 180
125 150
123 155
125 154
123 152
125 153
151 181
153 179
151 180
154 182
154 180
150 179
153 181
150 179
151 178
152 179
154 180
154 181
155 181
